epoch:0 0.3419  0.6541  0.3191  0.1588  0.2739  0.3749  0.3417  0.5180  0.5301  0.3147  0.4658  0.5537  0.4820  0.010000
epoch:1 0.3930  0.6934  0.4050  0.1835  0.3106  0.4295  0.3758  0.5606  0.5730  0.3719  0.4990  0.6024  0.3435  0.010000
epoch:2 0.3699  0.6908  0.3590  0.1540  0.2908  0.4064  0.3578  0.5393  0.5516  0.3026  0.4901  0.5804  0.3021  0.010000
epoch:3 0.4873  0.7783  0.5392  0.2208  0.3767  0.5339  0.4325  0.6143  0.6230  0.3512  0.5315  0.6631  0.2401  0.003300
epoch:4 0.4777  0.7730  0.5198  0.1967  0.3704  0.5248  0.4258  0.6083  0.6170  0.3111  0.5194  0.6620  0.2142  0.003300
epoch:5 0.4805  0.7755  0.5286  0.2026  0.3694  0.5290  0.4248  0.6056  0.6139  0.3294  0.5151  0.6557  0.1987  0.003300
epoch:6 0.5024  0.7860  0.5547  0.2092  0.3862  0.5532  0.4390  0.6203  0.6271  0.3106  0.5215  0.6748  0.1753  0.001089
epoch:7 0.5068  0.7874  0.5651  0.2099  0.3852  0.5597  0.4444  0.6188  0.6255  0.3091  0.5091  0.6759  0.1663  0.001089
epoch:8 0.5055  0.7877  0.5626  0.2167  0.3875  0.5583  0.4409  0.6180  0.6246  0.3111  0.5124  0.6740  0.1596  0.001089
epoch:9 0.5102  0.7852  0.5713  0.2153  0.3903  0.5645  0.4451  0.6180  0.6233  0.3103  0.5073  0.6744  0.1524  0.000359
epoch:10 0.5088  0.7867  0.5652  0.2123  0.3836  0.5644  0.4422  0.6162  0.6220  0.3047  0.5038  0.6741  0.1490  0.000359
epoch:11 0.5080  0.7864  0.5656  0.2084  0.3830  0.5636  0.4440  0.6161  0.6215  0.3012  0.5046  0.6735  0.1459  0.000359
epoch:12 0.5101  0.7847  0.5656  0.2077  0.3826  0.5670  0.4454  0.6169  0.6220  0.2992  0.4991  0.6754  0.1444  0.000119
epoch:13 0.5074  0.7820  0.5616  0.2093  0.3825  0.5638  0.4456  0.6137  0.6190  0.3028  0.4969  0.6732  0.1426  0.000119
epoch:14 0.5073  0.7837  0.5598  0.2106  0.3789  0.5647  0.4441  0.6131  0.6184  0.2967  0.4910  0.6732  0.1425  0.000119
