epoch:0 0.2363  0.5128  0.1824  0.0384  0.1663  0.2938  0.2648  0.4296  0.4557  0.1174  0.3699  0.5177  7.7476  0.001
epoch:1 0.4975  0.7561  0.5574  0.1152  0.377  0.5902  0.418  0.61  0.6227  0.1819  0.5096  0.7041  7.0237  0.000997
epoch:2 0.507  0.7671  0.5689  0.1331  0.3995  0.5915  0.4233  0.6182  0.6313  0.2286  0.5325  0.6996  6.5167  0.000989
epoch:3 0.5256  0.7809  0.594  0.1406  0.4074  0.6155  0.431  0.6265  0.6392  0.2268  0.53  0.716  5.7394  0.000976
epoch:4 0.5331  0.7854  0.5966  0.1509  0.4111  0.6235  0.44  0.6374  0.6503  0.2565  0.5388  0.7244  5.6613  0.000957
epoch:5 0.5202  0.7825  0.5918  0.1617  0.4159  0.5997  0.4286  0.627  0.6406  0.2786  0.5514  0.7012  5.3989  0.000934
epoch:6 0.5399  0.7921  0.608  0.1628  0.426  0.6284  0.4449  0.646  0.6603  0.2818  0.5544  0.7301  5.4135  0.000905
epoch:7 0.5209  0.7757  0.5885  0.1622  0.4246  0.6055  0.4339  0.6341  0.6482  0.2861  0.5599  0.7113  5.2807  0.000873
epoch:8 0.5393  0.7786  0.6001  0.1825  0.4345  0.6277  0.4453  0.6508  0.6657  0.3114  0.5701  0.7321  5.4977  0.000836
epoch:9 0.5537  0.7977  0.6219  0.1798  0.4392  0.6412  0.4508  0.6549  0.6691  0.2902  0.5686  0.7403  5.4073  0.000796
epoch:10 0.5404  0.7904  0.606  0.1753  0.428  0.6297  0.4416  0.6434  0.6583  0.3063  0.5649  0.7234  5.0789  0.000752
epoch:11 0.549  0.7905  0.6139  0.1822  0.4409  0.6383  0.4501  0.655  0.6696  0.3111  0.5696  0.7383  4.9322  0.000706
epoch:12 0.5582  0.7986  0.6219  0.1749  0.4399  0.6504  0.4564  0.6631  0.6764  0.306  0.5707  0.7466  5.174  0.000658
epoch:13 0.561  0.801  0.6241  0.1737  0.4326  0.6502  0.457  0.6609  0.6752  0.2941  0.5627  0.7466  5.0825  0.000608
epoch:14 0.5647  0.8021  0.6311  0.1804  0.4424  0.6584  0.4601  0.6666  0.681  0.3164  0.5735  0.7531  4.8609  0.000557
epoch:15 0.5695  0.8024  0.6351  0.1677  0.4424  0.6633  0.4609  0.6657  0.6785  0.2757  0.5649  0.7551  5.0422  0.000505
epoch:16 0.5706  0.8014  0.6356  0.1874  0.4508  0.6613  0.4617  0.6699  0.6843  0.3171  0.5786  0.757  5.142  0.000453
epoch:17 0.5717  0.8026  0.6338  0.1866  0.453  0.6639  0.464  0.6718  0.6862  0.3204  0.5739  0.7581  4.9567  0.000402
epoch:18 0.5728  0.8031  0.6321  0.1763  0.4501  0.6689  0.4662  0.6739  0.6873  0.2906  0.5768  0.7633  4.8922  0.000352
epoch:19 0.5766  0.8048  0.6388  0.1951  0.4534  0.6711  0.4684  0.6762  0.6901  0.328  0.5826  0.7613  4.8805  0.000304
epoch:20 0.5787  0.8071  0.6394  0.1901  0.4548  0.671  0.4681  0.6753  0.6892  0.3149  0.5805  0.7638  4.8619  0.000258
epoch:21 0.5737  0.803  0.636  0.194  0.4587  0.6652  0.4655  0.6758  0.6906  0.3496  0.5917  0.7571  4.7443  0.000214
epoch:22 0.5816  0.807  0.643  0.186  0.4572  0.6757  0.4695  0.6808  0.6957  0.3359  0.5867  0.7673  4.6335  0.000174
epoch:23 0.5865  0.8097  0.6483  0.1849  0.4609  0.68  0.4733  0.6834  0.6971  0.3262  0.5896  0.7704  4.7182  0.000137
epoch:24 0.5802  0.8067  0.6421  0.195  0.4618  0.6731  0.4687  0.6797  0.6934  0.3427  0.5883  0.7643  4.7397  0.000105
epoch:25 0.5839  0.8061  0.6443  0.1966  0.4597  0.6775  0.4721  0.682  0.696  0.3447  0.5877  0.7677  4.7438  7.6e-05
epoch:26 0.5822  0.8067  0.6421  0.1844  0.4603  0.6774  0.4712  0.6815  0.6955  0.3149  0.5872  0.7703  4.7568  5.3e-05
epoch:27 0.5851  0.8088  0.6473  0.1922  0.4624  0.6783  0.471  0.6821  0.6965  0.3276  0.5878  0.7702  4.6892  3.4e-05
epoch:28 0.588  0.8103  0.6488  0.1896  0.4649  0.6806  0.4729  0.6853  0.6997  0.3263  0.5903  0.7728  4.606  2.1e-05
epoch:29 0.5704  0.7945  0.6285  0.1977  0.4628  0.6639  0.4633  0.6767  0.6913  0.3588  0.5973  0.7569  4.826  1.3e-05
